Scatterer_ocean
{
	Ocean
	{
		name = Ethyal
		AMP = 0.200000003
		m_windSpeed = 15
		m_omega = 1.20000005
		m_gravity = 11.3993044
		maxWaveInteractionShipAltitude = 500
		m_whiteCapStr = 0.100000001
		shoreFoam = 1
		m_farWhiteCapStr = -0.200000003
		m_oceanUpwellingColor = 0.0689999983,0.075000003,0.0599999987
		m_UnderwaterColor = 0.300000012,0.349999994,0.400779992
		offScreenVertexStretch = 1.25
		alphaRadius = 1400
		transparencyDepth = 6000
		darknessDepth = 6000
		refractionIndex = 1.33000004
		skyReflectionStrength = 5
		causticsTexturePath = AfterSolarSystem/Terrain/Caustics2.png
		causticsLayer1Scale = 0.100000001,0.100000001
		causticsLayer1Speed = 0.100000001,0.100000001
		causticsLayer2Scale = 0.200000003,0.200000003
		causticsLayer2Speed = -0.119999997,0.119999997
		causticsMultiply = 2
		causticsUnderwaterLightBoost = 3
		causticsMinBrightness = 0.600000024
		causticsBlurDepth = 6000
		lightRaysStrength = 2
	}
}
