Scatterer_ocean
{
	Ocean
	{
		name = Eveda
		AMP = 1.35000002
		m_windSpeed = 26
		m_omega = 1.72000003
		m_gravity = 5.05832338
		maxWaveInteractionShipAltitude = 500
		m_whiteCapStr = 0.100000001
		shoreFoam = 1
		m_farWhiteCapStr = -0.200000003
		m_oceanUpwellingColor = 0.0689999983,0.075000003,0.0799999982
		m_UnderwaterColor = 0.300000012,0.349999994,0.400779992
		offScreenVertexStretch = 1.25
		alphaRadius = 1400
		transparencyDepth = 6000
		darknessDepth = 550
		refractionIndex = 1.33000004
		skyReflectionStrength = 5
		causticsTexturePath = AfterSolarSystem/Terrain/Caustics2.png
		causticsLayer1Scale = 0.150000006,0.150000006
		causticsLayer1Speed = 0.119999997,0.119999997
		causticsLayer2Scale = 0.219999999,0.219999999
		causticsLayer2Speed = -0.119999997,0.119999997
		causticsMultiply = 1
		causticsUnderwaterLightBoost = 1
		causticsMinBrightness = 0.600000024
		causticsBlurDepth = 600
		lightRaysStrength = 1
	}
}
